1 0.9250836120401339 0.05767857142857143 0.061739130434782734 0.11333333333333333
1 0.7829765886287626 0.06017857142857143 0.07170568561872909 0.11238095238095236
1 0.690200668896321 0.08398809523809524 0.05996655518394651 0.10047619047619046
1 0.5893311036789297 0.12119047619047618 0.07444816053511703 0.13321428571428567
1 0.410133779264214 0.15047619047619049 0.08160535117056848 0.12630952380952382
1 0.4747826086956522 0.04726190476190476 0.0593311036789298 0.09446428571428571
1 0.42324414715719066 0.050238095238095234 0.0520735785953177 0.10047619047619047
1 0.27889632107023404 0.0874404761904762 0.0598327759197324 0.10148809523809524
1 0.2248160535117057 0.04970238095238095 0.04755852842809364 0.09749999999999999
1 0.15963210702341132 0.11023809523809523 0.06424749163879602 0.09946428571428571
1 0.16685618729096985 0.22333333333333336 0.07729096989966555 0.1386309523809524