1 0.07491638795986622 0.05767857142857143 0.06173913043478261 0.11333333333333333
1 0.21702341137123746 0.06017857142857143 0.07170568561872909 0.11238095238095236
1 0.3097993311036789 0.08398809523809524 0.05996655518394651 0.10047619047619046
1 0.4106688963210703 0.12119047619047618 0.07444816053511703 0.13321428571428567
1 0.589866220735786 0.15047619047619049 0.08160535117056848 0.12630952380952382
1 0.5252173913043477 0.04726190476190476 0.0593311036789298 0.09446428571428571
1 0.5767558528428093 0.050238095238095234 0.0520735785953177 0.10047619047619047
1 0.7211036789297659 0.0874404761904762 0.0598327759197324 0.10148809523809524
1 0.7751839464882944 0.04970238095238095 0.04755852842809374 0.09749999999999999
1 0.8403678929765886 0.11023809523809523 0.06424749163879592 0.09946428571428571
1 0.8331438127090302 0.22333333333333336 0.07729096989966559 0.1386309523809524