1 0.3874076923076923 0.4097985901309164 0.07566923076923086 0.08556898288016115
1 0.16949999999999998 0.3834944612286002 0.06036153846153844 0.09339375629405842
1 0.7382 0.43218529707955694 0.05417692307692312 0.07662638469284998
1 0.6971846153846154 0.3784592145015106 0.06444615384615382 0.09003021148036251
1 0.8125615384615384 0.39466263846928495 0.07403076923076907 0.09912386706948646
1 0.8740846153846153 0.3767573011077543 0.06379230769230756 0.08122860020140983
1 0.7255923076923076 0.37173212487411883 0.035076923076923006 0.06189325276938574
1 0.5045538461538461 0.3752769385699899 0.04318461538461546 0.06047331319234638
1 0.3345923076923077 0.3458308157099698 0.033176923076923076 0.05690835850956696
1 0.2140692307692308 0.3390936555891239 0.05217692307692311 0.056193353474320196
1 0.11736923076923078 0.32455186304128897 0.05866153846153845 0.05689828801611279
1 0.16923846153846153 0.38642497482376637 0.053746153846153846 0.08956696878147034