1 0.6125923076923077 0.4097985901309164 0.07566923076923086 0.08556898288016115
1 0.8305 0.3834944612286002 0.06036153846153831 0.09339375629405842
1 0.26180000000000003 0.43218529707955694 0.05417692307692312 0.07662638469284998
1 0.3028153846153846 0.3784592145015106 0.06444615384615382 0.09003021148036251
1 0.18743846153846158 0.39466263846928495 0.07403076923076923 0.09912386706948646
1 0.12591538461538465 0.3767573011077543 0.0637923076923077 0.08122860020140983
1 0.2744076923076923 0.37173212487411883 0.035076923076923096 0.06189325276938574
1 0.49544615384615387 0.3752769385699899 0.04318461538461546 0.06047331319234638
1 0.6654076923076923 0.3458308157099698 0.03317692307692316 0.05690835850956696
1 0.7859307692307692 0.3390936555891239 0.052176923076923024 0.056193353474320196
1 0.8826307692307693 0.32455186304128897 0.05866153846153863 0.05689828801611279
1 0.8307615384615384 0.38642497482376637 0.05374615384615376 0.08956696878147034