1 0.534287109375 0.508495867768595 0.04150390625 0.08846280991735535
1 0.491572265625 0.4977355371900826 0.04020507812500007 0.09365289256198342
1 0.7506494140625 0.6061487603305785 0.06078125000000001 0.11893388429752073
1 0.9749755859375 0.5308925619834711 0.05004394531249989 0.14438016528925623
0 0.425185546875 0.4801157024793389 0.03493164062499998 0.09400000000000001
1 0.3976904296875 0.4958760330578512 0.03384277343749997 0.08324793388429753
1 0.8156884765625 0.4821487603305785 0.046948242187500044 0.09585123966942151
1 0.925390625 0.5182892561983471 0.05044921875000008 0.08773553719008272
1 0.1539990234375 0.46901652892561985 0.04649902343750001 0.09321487603305782
1 0.0381982421875 0.5098595041322314 0.064658203125 0.08404132231404964
1 0.271845703125 0.49210743801652895 0.03669921875000004 0.07811570247933883
1 0.2337451171875 0.44741322314049586 0.048007812500000024 0.08677685950413223
1 0.298134765625 0.47680165289256193 0.03258300781250001 0.060016528925619934
1 0.33521484375 0.5160826446280992 0.047324218750000036 0.07421487603305782
1 0.364375 0.45297520661157026 0.04303710937500005 0.06452066115702475
1 0.668564453125 0.5139752066115703 0.03322265624999998 0.05950413223140496
1 0.60509765625 0.5396942148760331 0.0319970703125001 0.055999999999999994