1 0.51625 0.43820224719101125 0.0625 0.09737827715355805
0 0.78375 0.40262172284644193 0.0475 0.07865168539325842
1 0.29625 0.398876404494382 0.0575 0.08614232209737828
0 0.39875 0.37640449438202245 0.0425 0.06367041198501873
1 0.8625 0.449438202247191 0.045 0.08239700374531835
1 0.62 0.43258426966292135 0.045 0.08614232209737828
1 0.70625 0.3651685393258427 0.0425 0.07116104868913857
1 0.62875 0.3445692883895131 0.0325 0.052434456928838954
0 0.45125 0.3951310861423221 0.0375 0.07116104868913857
1 0.525 0.350187265917603 0.035 0.056179775280898875
1 0.1925 0.3333333333333333 0.035 0.052434456928838954